$fn = 12;

union() {
	union() {
		multmatrix(m = [[0.0000000000, -0.6000000000, -0.8000000000, 2.0000000000], [1.0000000000, 0.0000000000, 0.0000000000, 0.0000000000], [0.0000000000, -0.8000000000, 0.6000000000, -1.5000000000], [0.0000000000, 0.0000000000, 0.0000000000, 1.0000000000]]) {
			cylinder(h = 2.5, r = 0.2500000000);
		}
		multmatrix(m = [[0.0000000000, 0.6000000000, 0.7644582446, 0.0000000000], [1.0000000000, -0.0000000000, 0.2358041395, 0.0000000000], [0.0000000000, 0.7644582446, -0.6000000000, 0.0000000000], [0.0000000000, 0.0000000000, 0.0000000000, 1.0000000000]]) {
			cylinder(h = 2.5, r = 0.2500000000);
		}
		multmatrix(m = [[0.0000000000, -0.9888308262, 0.1490422662, 1.9111456116], [0.0000000000, -0.1490422662, -0.9888308262, 0.5895103488], [1.0000000000, 0.0000000000, 0.0000000000, -1.5000000000], [0.0000000000, 0.0000000000, 0.0000000000, 1.0000000000]]) {
			cylinder(h = 0.5961690647046978, r = 0.2500000000);
		}
		multmatrix(m = [[0.0000000000, 0.6000000000, 0.6609910195, 0.0000000000], [1.0000000000, -0.0000000000, 0.4506560465, 0.0000000000], [0.0000000000, 0.6609910195, -0.6000000000, 0.0000000000], [0.0000000000, 0.0000000000, 0.0000000000, 1.0000000000]]) {
			cylinder(h = 2.5, r = 0.2500000000);
		}
		multmatrix(m = [[0.0000000000, -0.9009688679, 0.4338837391, 1.6524775486], [0.0000000000, -0.4338837391, -0.9009688679, 1.1266401161], [1.0000000000, 0.0000000000, 0.0000000000, -1.5000000000], [0.0000000000, 0.0000000000, 0.0000000000, 1.0000000000]]) {
			cylinder(h = 0.5961690647046979, r = 0.2500000000);
		}
		multmatrix(m = [[1.0000000000, 0.0000000000, 0.4987918415, 0.0000000000], [0.0000000000, -0.6000000000, 0.6254651860, 0.0000000000], [0.0000000000, -0.6254651860, -0.6000000000, 0.0000000000], [0.0000000000, 0.0000000000, 0.0000000000, 1.0000000000]]) {
			cylinder(h = 2.5, r = 0.2500000000);
		}
		multmatrix(m = [[0.0000000000, -0.7330518718, 0.6801727378, 1.2469796037], [0.0000000000, -0.6801727378, -0.7330518718, 1.5636629649], [1.0000000000, 0.0000000000, 0.0000000000, -1.5000000000], [0.0000000000, 0.0000000000, 0.0000000000, 1.0000000000]]) {
			cylinder(h = 0.5961690647046975, r = 0.2500000000);
		}
		multmatrix(m = [[1.0000000000, 0.0000000000, 0.2922728195, 0.0000000000], [0.0000000000, -0.6000000000, 0.7446989989, 0.0000000000], [0.0000000000, -0.7446989989, -0.6000000000, 0.0000000000], [0.0000000000, 0.0000000000, 0.0000000000, 1.0000000000]]) {
			cylinder(h = 2.5, r = 0.2500000000);
		}
		multmatrix(m = [[0.0000000000, -0.5000000000, 0.8660254038, 0.7306820487], [0.0000000000, -0.8660254038, -0.5000000000, 1.8617474973], [1.0000000000, 0.0000000000, 0.0000000000, -1.5000000000], [0.0000000000, 0.0000000000, 0.0000000000, 1.0000000000]]) {
			cylinder(h = 0.5961690647046981, r = 0.2500000000);
		}
		multmatrix(m = [[1.0000000000, 0.0000000000, 0.0597840749, 0.0000000000], [0.0000000000, -0.6000000000, 0.7977630377, 0.0000000000], [0.0000000000, -0.7977630377, -0.6000000000, 0.0000000000], [0.0000000000, 0.0000000000, 0.0000000000, 1.0000000000]]) {
			cylinder(h = 2.5, r = 0.2500000000);
		}
		multmatrix(m = [[0.0000000000, -0.2225209340, 0.9749279122, 0.1494601872], [0.0000000000, -0.9749279122, -0.2225209340, 1.9944075944], [1.0000000000, 0.0000000000, 0.0000000000, -1.5000000000], [0.0000000000, 0.0000000000, 0.0000000000, 1.0000000000]]) {
			cylinder(h = 0.5961690647046979, r = 0.2500000000);
		}
		multmatrix(m = [[1.0000000000, 0.0000000000, -0.1780167472, 0.0000000000], [0.0000000000, -0.6000000000, 0.7799423297, 0.0000000000], [0.0000000000, -0.7799423297, -0.6000000000, 0.0000000000], [0.0000000000, 0.0000000000, 0.0000000000, 1.0000000000]]) {
			cylinder(h = 2.5, r = 0.2500000000);
		}
		multmatrix(m = [[0.0000000000, 0.0747300936, 0.9972037972, -0.4450418679], [0.0000000000, -0.9972037972, 0.0747300936, 1.9498558244], [1.0000000000, 0.0000000000, 0.0000000000, -1.5000000000], [0.0000000000, 0.0000000000, 0.0000000000, 1.0000000000]]) {
			cylinder(h = 0.5961690647046973, r = 0.2500000000);
		}
		multmatrix(m = [[1.0000000000, 0.0000000000, -0.4000000000, 0.0000000000], [0.0000000000, -0.6000000000, 0.6928203230, 0.0000000000], [0.0000000000, -0.6928203230, -0.6000000000, 0.0000000000], [0.0000000000, 0.0000000000, 0.0000000000, 1.0000000000]]) {
			cylinder(h = 2.5, r = 0.2500000000);
		}
		multmatrix(m = [[0.0000000000, 0.3653410244, 0.9308737486, -1.0000000000], [0.0000000000, -0.9308737486, 0.3653410244, 1.7320508076], [1.0000000000, 0.0000000000, 0.0000000000, -1.5000000000], [0.0000000000, 0.0000000000, 0.0000000000, 1.0000000000]]) {
			cylinder(h = 0.5961690647046981, r = 0.2500000000);
		}
		multmatrix(m = [[0.0000000000, 0.6000000000, -0.5864414975, 0.0000000000], [1.0000000000, 0.0000000000, 0.5441381902, 0.0000000000], [0.0000000000, -0.5864414975, -0.6000000000, 0.0000000000], [0.0000000000, 0.0000000000, 0.0000000000, 1.0000000000]]) {
			cylinder(h = 2.5, r = 0.2500000000);
		}
		multmatrix(m = [[0.0000000000, 0.6234898019, 0.7818314825, -1.4661037437], [0.0000000000, -0.7818314825, 0.6234898019, 1.3603454755], [1.0000000000, 0.0000000000, 0.0000000000, -1.5000000000], [0.0000000000, 0.0000000000, 0.0000000000, 1.0000000000]]) {
			cylinder(h = 0.5961690647046975, r = 0.2500000000);
		}
		multmatrix(m = [[0.0000000000, 0.6000000000, -0.7207750943, 0.0000000000], [1.0000000000, 0.0000000000, 0.3471069913, 0.0000000000], [0.0000000000, -0.7207750943, -0.6000000000, 0.0000000000], [0.0000000000, 0.0000000000, 0.0000000000, 1.0000000000]]) {
			cylinder(h = 2.5, r = 0.2500000000);
		}
		multmatrix(m = [[0.0000000000, 0.8262387743, 0.5633200581, -1.8019377358], [0.0000000000, -0.5633200581, 0.8262387743, 0.8677674782], [1.0000000000, 0.0000000000, 0.0000000000, -1.5000000000], [0.0000000000, 0.0000000000, 0.0000000000, 1.0000000000]]) {
			cylinder(h = 0.5961690647046974, r = 0.2500000000);
		}
		multmatrix(m = [[0.0000000000, 0.6000000000, -0.7910646610, 0.0000000000], [1.0000000000, 0.0000000000, 0.1192338129, 0.0000000000], [0.0000000000, -0.7910646610, -0.6000000000, 0.0000000000], [0.0000000000, 0.0000000000, 0.0000000000, 1.0000000000]]) {
			cylinder(h = 2.5, r = 0.2500000000);
		}
		multmatrix(m = [[0.0000000000, 0.9555728058, 0.2947551744, -1.9776616525], [0.0000000000, -0.2947551744, 0.9555728058, 0.2980845324], [1.0000000000, 0.0000000000, 0.0000000000, -1.5000000000], [0.0000000000, 0.0000000000, 0.0000000000, 1.0000000000]]) {
			cylinder(h = 0.5961690647046983, r = 0.2500000000);
		}
		multmatrix(m = [[0.0000000000, 0.6000000000, -0.7910646610, 0.0000000000], [1.0000000000, 0.0000000000, -0.1192338129, 0.0000000000], [0.0000000000, -0.7910646610, -0.6000000000, 0.0000000000], [0.0000000000, 0.0000000000, 0.0000000000, 1.0000000000]]) {
			cylinder(h = 2.5, r = 0.2500000000);
		}
		multmatrix(m = [[1.0000000000, 0.0000000000, 0.0000000000, -1.9776616525], [0.0000000000, 0.0000000000, 1.0000000000, -0.2980845324], [0.0000000000, -1.0000000000, 0.0000000000, -1.5000000000], [0.0000000000, 0.0000000000, 0.0000000000, 1.0000000000]]) {
			cylinder(h = 0.5961690647046974, r = 0.2500000000);
		}
		multmatrix(m = [[0.0000000000, 0.6000000000, -0.7207750943, 0.0000000000], [1.0000000000, 0.0000000000, -0.3471069913, 0.0000000000], [0.0000000000, -0.7207750943, -0.6000000000, 0.0000000000], [0.0000000000, 0.0000000000, 0.0000000000, 1.0000000000]]) {
			cylinder(h = 2.5, r = 0.2500000000);
		}
		multmatrix(m = [[0.0000000000, 0.9555728058, -0.2947551744, -1.8019377358], [0.0000000000, 0.2947551744, 0.9555728058, -0.8677674782], [1.0000000000, -0.0000000000, 0.0000000000, -1.5000000000], [0.0000000000, 0.0000000000, 0.0000000000, 1.0000000000]]) {
			cylinder(h = 0.5961690647046974, r = 0.2500000000);
		}
		multmatrix(m = [[0.0000000000, 0.6000000000, -0.5864414975, 0.0000000000], [1.0000000000, 0.0000000000, -0.5441381902, 0.0000000000], [0.0000000000, -0.5864414975, -0.6000000000, 0.0000000000], [0.0000000000, 0.0000000000, 0.0000000000, 1.0000000000]]) {
			cylinder(h = 2.5, r = 0.2500000000);
		}
		multmatrix(m = [[0.0000000000, 0.8262387743, -0.5633200581, -1.4661037437], [0.0000000000, 0.5633200581, 0.8262387743, -1.3603454755], [1.0000000000, -0.0000000000, 0.0000000000, -1.5000000000], [0.0000000000, 0.0000000000, 0.0000000000, 1.0000000000]]) {
			cylinder(h = 0.5961690647046982, r = 0.2500000000);
		}
		multmatrix(m = [[1.0000000000, 0.0000000000, -0.4000000000, 0.0000000000], [0.0000000000, -0.6000000000, -0.6928203230, 0.0000000000], [0.0000000000, 0.6928203230, -0.6000000000, 0.0000000000], [0.0000000000, 0.0000000000, 0.0000000000, 1.0000000000]]) {
			cylinder(h = 2.5, r = 0.2500000000);
		}
		multmatrix(m = [[0.0000000000, 0.6234898019, -0.7818314825, -1.0000000000], [0.0000000000, 0.7818314825, 0.6234898019, -1.7320508076], [1.0000000000, -0.0000000000, 0.0000000000, -1.5000000000], [0.0000000000, 0.0000000000, 0.0000000000, 1.0000000000]]) {
			cylinder(h = 0.5961690647046982, r = 0.2500000000);
		}
		multmatrix(m = [[1.0000000000, 0.0000000000, -0.1780167472, 0.0000000000], [0.0000000000, -0.6000000000, -0.7799423297, 0.0000000000], [0.0000000000, 0.7799423297, -0.6000000000, 0.0000000000], [0.0000000000, 0.0000000000, 0.0000000000, 1.0000000000]]) {
			cylinder(h = 2.5, r = 0.2500000000);
		}
		multmatrix(m = [[0.0000000000, 0.3653410244, -0.9308737486, -0.4450418679], [0.0000000000, 0.9308737486, 0.3653410244, -1.9498558244], [1.0000000000, -0.0000000000, 0.0000000000, -1.5000000000], [0.0000000000, 0.0000000000, 0.0000000000, 1.0000000000]]) {
			cylinder(h = 0.5961690647046967, r = 0.2500000000);
		}
		multmatrix(m = [[1.0000000000, 0.0000000000, 0.0597840749, 0.0000000000], [0.0000000000, -0.6000000000, -0.7977630377, 0.0000000000], [0.0000000000, 0.7977630377, -0.6000000000, 0.0000000000], [0.0000000000, 0.0000000000, 0.0000000000, 1.0000000000]]) {
			cylinder(h = 2.5, r = 0.2500000000);
		}
		multmatrix(m = [[0.0000000000, 0.0747300936, -0.9972037972, 0.1494601872], [0.0000000000, 0.9972037972, 0.0747300936, -1.9944075944], [1.0000000000, -0.0000000000, 0.0000000000, -1.5000000000], [0.0000000000, 0.0000000000, 0.0000000000, 1.0000000000]]) {
			cylinder(h = 0.5961690647046984, r = 0.2500000000);
		}
		multmatrix(m = [[1.0000000000, 0.0000000000, 0.2922728195, 0.0000000000], [0.0000000000, -0.6000000000, -0.7446989989, 0.0000000000], [0.0000000000, 0.7446989989, -0.6000000000, 0.0000000000], [0.0000000000, 0.0000000000, 0.0000000000, 1.0000000000]]) {
			cylinder(h = 2.5, r = 0.2500000000);
		}
		multmatrix(m = [[0.0000000000, -0.2225209340, -0.9749279122, 0.7306820487], [0.0000000000, 0.9749279122, -0.2225209340, -1.8617474973], [1.0000000000, 0.0000000000, 0.0000000000, -1.5000000000], [0.0000000000, 0.0000000000, 0.0000000000, 1.0000000000]]) {
			cylinder(h = 0.5961690647046983, r = 0.2500000000);
		}
		multmatrix(m = [[1.0000000000, 0.0000000000, 0.4987918415, 0.0000000000], [0.0000000000, -0.6000000000, -0.6254651860, 0.0000000000], [0.0000000000, 0.6254651860, -0.6000000000, 0.0000000000], [0.0000000000, 0.0000000000, 0.0000000000, 1.0000000000]]) {
			cylinder(h = 2.5, r = 0.2500000000);
		}
		multmatrix(m = [[0.0000000000, -0.5000000000, -0.8660254038, 1.2469796037], [0.0000000000, 0.8660254038, -0.5000000000, -1.5636629649], [1.0000000000, 0.0000000000, 0.0000000000, -1.5000000000], [0.0000000000, 0.0000000000, 0.0000000000, 1.0000000000]]) {
			cylinder(h = 0.5961690647046967, r = 0.2500000000);
		}
		multmatrix(m = [[0.0000000000, 0.6000000000, 0.6609910195, 0.0000000000], [1.0000000000, -0.0000000000, -0.4506560465, 0.0000000000], [0.0000000000, 0.6609910195, -0.6000000000, 0.0000000000], [0.0000000000, 0.0000000000, 0.0000000000, 1.0000000000]]) {
			cylinder(h = 2.5, r = 0.2500000000);
		}
		multmatrix(m = [[0.0000000000, -0.7330518718, -0.6801727378, 1.6524775486], [0.0000000000, 0.6801727378, -0.7330518718, -1.1266401161], [1.0000000000, 0.0000000000, 0.0000000000, -1.5000000000], [0.0000000000, 0.0000000000, 0.0000000000, 1.0000000000]]) {
			cylinder(h = 0.5961690647046983, r = 0.2500000000);
		}
		multmatrix(m = [[0.0000000000, 0.6000000000, 0.7644582446, 0.0000000000], [1.0000000000, -0.0000000000, -0.2358041395, 0.0000000000], [0.0000000000, 0.7644582446, -0.6000000000, 0.0000000000], [0.0000000000, 0.0000000000, 0.0000000000, 1.0000000000]]) {
			cylinder(h = 2.5, r = 0.2500000000);
		}
		multmatrix(m = [[0.0000000000, -0.9009688679, -0.4338837391, 1.9111456116], [0.0000000000, 0.4338837391, -0.9009688679, -0.5895103488], [1.0000000000, 0.0000000000, 0.0000000000, -1.5000000000], [0.0000000000, 0.0000000000, 0.0000000000, 1.0000000000]]) {
			cylinder(h = 0.5961690647046984, r = 0.2500000000);
		}
		multmatrix(m = [[0.0000000000, -0.9888308262, -0.1490422662, 2.0000000000], [0.0000000000, 0.1490422662, -0.9888308262, 0.0000000000], [1.0000000000, 0.0000000000, 0.0000000000, -1.5000000000], [0.0000000000, 0.0000000000, 0.0000000000, 1.0000000000]]) {
			cylinder(h = 0.5961690647046971, r = 0.2500000000);
		}
		multmatrix(m = [[0.0000000000, 0.6000000000, 0.8000000000, 1.9111456116], [1.0000000000, -0.0000000000, 0.0000000000, 0.5895103488], [0.0000000000, 0.8000000000, -0.6000000000, -1.5000000000], [0.0000000000, 0.0000000000, 0.0000000000, 1.0000000000]]) {
			cylinder(h = 2.5, r = 0.2500000000);
		}
		multmatrix(m = [[0.0000000000, -0.6000000000, -0.7644582446, 3.9111456116], [1.0000000000, 0.0000000000, -0.2358041395, 0.5895103488], [0.0000000000, -0.7644582446, 0.6000000000, -3.0000000000], [0.0000000000, 0.0000000000, 0.0000000000, 1.0000000000]]) {
			cylinder(h = 2.5, r = 0.2500000000);
		}
		multmatrix(m = [[0.0000000000, 0.6000000000, 0.7644582446, 1.6524775486], [1.0000000000, -0.0000000000, 0.2358041395, 1.1266401161], [0.0000000000, 0.7644582446, -0.6000000000, -1.5000000000], [0.0000000000, 0.0000000000, 0.0000000000, 1.0000000000]]) {
			cylinder(h = 2.5, r = 0.2500000000);
		}
		multmatrix(m = [[0.0000000000, -0.6000000000, -0.6609910195, 3.5636231602], [1.0000000000, 0.0000000000, -0.4506560465, 1.7161504649], [0.0000000000, -0.6609910195, 0.6000000000, -3.0000000000], [0.0000000000, 0.0000000000, 0.0000000000, 1.0000000000]]) {
			cylinder(h = 2.5, r = 0.2500000000);
		}
		multmatrix(m = [[0.0000000000, 0.6000000000, 0.6609910195, 1.2469796037], [1.0000000000, -0.0000000000, 0.4506560465, 1.5636629649], [0.0000000000, 0.6609910195, -0.6000000000, -1.5000000000], [0.0000000000, 0.0000000000, 0.0000000000, 1.0000000000]]) {
			cylinder(h = 2.5, r = 0.2500000000);
		}
		multmatrix(m = [[1.0000000000, -0.0000000000, -0.4987918415, 2.8994571523], [0.0000000000, 0.6000000000, -0.6254651860, 2.6903030811], [0.0000000000, 0.6254651860, 0.6000000000, -3.0000000000], [0.0000000000, 0.0000000000, 0.0000000000, 1.0000000000]]) {
			cylinder(h = 2.5, r = 0.2500000000);
		}
		multmatrix(m = [[1.0000000000, 0.0000000000, 0.4987918415, 0.7306820487], [0.0000000000, -0.6000000000, 0.6254651860, 1.8617474973], [0.0000000000, -0.6254651860, -0.6000000000, -1.5000000000], [0.0000000000, 0.0000000000, 0.0000000000, 1.0000000000]]) {
			cylinder(h = 2.5, r = 0.2500000000);
		}
		multmatrix(m = [[1.0000000000, -0.0000000000, -0.2922728195, 1.9776616525], [0.0000000000, 0.6000000000, -0.7446989989, 3.4254104622], [0.0000000000, 0.7446989989, 0.6000000000, -3.0000000000], [0.0000000000, 0.0000000000, 0.0000000000, 1.0000000000]]) {
			cylinder(h = 2.5, r = 0.2500000000);
		}
		multmatrix(m = [[1.0000000000, 0.0000000000, 0.2922728195, 0.1494601872], [0.0000000000, -0.6000000000, 0.7446989989, 1.9944075944], [0.0000000000, -0.7446989989, -0.6000000000, -1.5000000000], [0.0000000000, 0.0000000000, 0.0000000000, 1.0000000000]]) {
			cylinder(h = 2.5, r = 0.2500000000);
		}
		multmatrix(m = [[1.0000000000, -0.0000000000, -0.0597840749, 0.8801422359], [0.0000000000, 0.6000000000, -0.7977630377, 3.8561550917], [0.0000000000, 0.7977630377, 0.6000000000, -3.0000000000], [0.0000000000, 0.0000000000, 0.0000000000, 1.0000000000]]) {
			cylinder(h = 2.5, r = 0.2500000000);
		}
		multmatrix(m = [[1.0000000000, 0.0000000000, 0.0597840749, -0.4450418679], [0.0000000000, -0.6000000000, 0.7977630377, 1.9498558244], [0.0000000000, -0.7977630377, -0.6000000000, -1.5000000000], [0.0000000000, 0.0000000000, 0.0000000000, 1.0000000000]]) {
			cylinder(h = 2.5, r = 0.2500000000);
		}
		multmatrix(m = [[1.0000000000, -0.0000000000, 0.1780167472, -0.2955816807], [0.0000000000, 0.6000000000, -0.7799423297, 3.9442634187], [0.0000000000, 0.7799423297, 0.6000000000, -3.0000000000], [0.0000000000, 0.0000000000, 0.0000000000, 1.0000000000]]) {
			cylinder(h = 2.5, r = 0.2500000000);
		}
		multmatrix(m = [[1.0000000000, 0.0000000000, -0.1780167472, -1.0000000000], [0.0000000000, -0.6000000000, 0.7799423297, 1.7320508076], [0.0000000000, -0.7799423297, -0.6000000000, -1.5000000000], [0.0000000000, 0.0000000000, 0.0000000000, 1.0000000000]]) {
			cylinder(h = 2.5, r = 0.2500000000);
		}
		multmatrix(m = [[1.0000000000, -0.0000000000, 0.4000000000, -1.4450418679], [0.0000000000, 0.6000000000, -0.6928203230, 3.6819066319], [0.0000000000, 0.6928203230, 0.6000000000, -3.0000000000], [0.0000000000, 0.0000000000, 0.0000000000, 1.0000000000]]) {
			cylinder(h = 2.5, r = 0.2500000000);
		}
		multmatrix(m = [[1.0000000000, 0.0000000000, -0.4000000000, -1.4661037437], [0.0000000000, -0.6000000000, 0.6928203230, 1.3603454755], [0.0000000000, -0.6928203230, -0.6000000000, -1.5000000000], [0.0000000000, 0.0000000000, 0.0000000000, 1.0000000000]]) {
			cylinder(h = 2.5, r = 0.2500000000);
		}
		multmatrix(m = [[0.0000000000, -0.6000000000, 0.5864414975, -2.4661037437], [1.0000000000, 0.0000000000, -0.5441381902, 3.0923962831], [0.0000000000, 0.5864414975, 0.6000000000, -3.0000000000], [0.0000000000, 0.0000000000, 0.0000000000, 1.0000000000]]) {
			cylinder(h = 2.5, r = 0.2500000000);
		}
		multmatrix(m = [[0.0000000000, 0.6000000000, -0.5864414975, -1.8019377358], [1.0000000000, 0.0000000000, 0.5441381902, 0.8677674782], [0.0000000000, -0.5864414975, -0.6000000000, -1.5000000000], [0.0000000000, 0.0000000000, 0.0000000000, 1.0000000000]]) {
			cylinder(h = 2.4999999999999996, r = 0.2500000000);
		}
		multmatrix(m = [[0.0000000000, -0.6000000000, 0.7207750943, -3.2680414795], [1.0000000000, 0.0000000000, -0.3471069913, 2.2281129538], [0.0000000000, 0.7207750943, 0.6000000000, -3.0000000000], [0.0000000000, 0.0000000000, 0.0000000000, 1.0000000000]]) {
			cylinder(h = 2.4999999999999996, r = 0.2500000000);
		}
		multmatrix(m = [[0.0000000000, 0.6000000000, -0.7207750943, -1.9776616525], [1.0000000000, 0.0000000000, 0.3471069913, 0.2980845324], [0.0000000000, -0.7207750943, -0.6000000000, -1.5000000000], [0.0000000000, 0.0000000000, 0.0000000000, 1.0000000000]]) {
			cylinder(h = 2.5, r = 0.2500000000);
		}
		multmatrix(m = [[0.0000000000, -0.6000000000, 0.7910646610, -3.7795993883], [1.0000000000, 0.0000000000, -0.1192338129, 1.1658520106], [0.0000000000, 0.7910646610, 0.6000000000, -3.0000000000], [0.0000000000, 0.0000000000, 0.0000000000, 1.0000000000]]) {
			cylinder(h = 2.4999999999999996, r = 0.2500000000);
		}
		multmatrix(m = [[0.0000000000, 0.6000000000, -0.7910646610, -1.9776616525], [1.0000000000, 0.0000000000, 0.1192338129, -0.2980845324], [0.0000000000, -0.7910646610, -0.6000000000, -1.5000000000], [0.0000000000, 0.0000000000, 0.0000000000, 1.0000000000]]) {
			cylinder(h = 2.5, r = 0.2500000000);
		}
		multmatrix(m = [[0.0000000000, -0.6000000000, 0.7910646610, -3.9553233049], [1.0000000000, 0.0000000000, 0.1192338129, -0.0000000000], [0.0000000000, 0.7910646610, 0.6000000000, -3.0000000000], [0.0000000000, 0.0000000000, 0.0000000000, 1.0000000000]]) {
			cylinder(h = 2.5, r = 0.2500000000);
		}
		multmatrix(m = [[0.0000000000, 0.6000000000, -0.7910646610, -1.8019377358], [1.0000000000, 0.0000000000, -0.1192338129, -0.8677674782], [0.0000000000, -0.7910646610, -0.6000000000, -1.5000000000], [0.0000000000, 0.0000000000, 0.0000000000, 1.0000000000]]) {
			cylinder(h = 2.5, r = 0.2500000000);
		}
		multmatrix(m = [[0.0000000000, -0.6000000000, 0.7207750943, -3.7795993883], [1.0000000000, 0.0000000000, 0.3471069913, -1.1658520106], [0.0000000000, 0.7207750943, 0.6000000000, -3.0000000000], [0.0000000000, 0.0000000000, 0.0000000000, 1.0000000000]]) {
			cylinder(h = 2.5, r = 0.2500000000);
		}
		multmatrix(m = [[0.0000000000, 0.6000000000, -0.7207750943, -1.4661037437], [1.0000000000, 0.0000000000, -0.3471069913, -1.3603454755], [0.0000000000, -0.7207750943, -0.6000000000, -1.5000000000], [0.0000000000, 0.0000000000, 0.0000000000, 1.0000000000]]) {
			cylinder(h = 2.5, r = 0.2500000000);
		}
		multmatrix(m = [[0.0000000000, -0.6000000000, 0.5864414975, -3.2680414795], [1.0000000000, 0.0000000000, 0.5441381902, -2.2281129538], [0.0000000000, 0.5864414975, 0.6000000000, -3.0000000000], [0.0000000000, 0.0000000000, 0.0000000000, 1.0000000000]]) {
			cylinder(h = 2.5, r = 0.2500000000);
		}
		multmatrix(m = [[0.0000000000, 0.6000000000, -0.5864414975, -1.0000000000], [1.0000000000, 0.0000000000, -0.5441381902, -1.7320508076], [0.0000000000, -0.5864414975, -0.6000000000, -1.5000000000], [0.0000000000, 0.0000000000, 0.0000000000, 1.0000000000]]) {
			cylinder(h = 2.5, r = 0.2500000000);
		}
		multmatrix(m = [[1.0000000000, 0.0000000000, 0.4000000000, -2.4661037437], [0.0000000000, 0.6000000000, 0.6928203230, -3.0923962831], [0.0000000000, -0.6928203230, 0.6000000000, -3.0000000000], [0.0000000000, 0.0000000000, 0.0000000000, 1.0000000000]]) {
			cylinder(h = 2.5, r = 0.2500000000);
		}
		multmatrix(m = [[1.0000000000, 0.0000000000, -0.4000000000, -0.4450418679], [0.0000000000, -0.6000000000, -0.6928203230, -1.9498558244], [0.0000000000, 0.6928203230, -0.6000000000, -1.5000000000], [0.0000000000, 0.0000000000, 0.0000000000, 1.0000000000]]) {
			cylinder(h = 2.5, r = 0.2500000000);
		}
		multmatrix(m = [[1.0000000000, 0.0000000000, 0.1780167472, -1.4450418679], [0.0000000000, 0.6000000000, 0.7799423297, -3.6819066319], [0.0000000000, -0.7799423297, 0.6000000000, -3.0000000000], [0.0000000000, 0.0000000000, 0.0000000000, 1.0000000000]]) {
			cylinder(h = 2.5, r = 0.2500000000);
		}
		multmatrix(m = [[1.0000000000, 0.0000000000, -0.1780167472, 0.1494601872], [0.0000000000, -0.6000000000, -0.7799423297, -1.9944075944], [0.0000000000, 0.7799423297, -0.6000000000, -1.5000000000], [0.0000000000, 0.0000000000, 0.0000000000, 1.0000000000]]) {
			cylinder(h = 2.4999999999999996, r = 0.2500000000);
		}
		multmatrix(m = [[1.0000000000, 0.0000000000, -0.0597840749, -0.2955816807], [0.0000000000, 0.6000000000, 0.7977630377, -3.9442634187], [0.0000000000, -0.7977630377, 0.6000000000, -3.0000000000], [0.0000000000, 0.0000000000, 0.0000000000, 1.0000000000]]) {
			cylinder(h = 2.5, r = 0.2500000000);
		}
		multmatrix(m = [[1.0000000000, 0.0000000000, 0.0597840749, 0.7306820487], [0.0000000000, -0.6000000000, -0.7977630377, -1.8617474973], [0.0000000000, 0.7977630377, -0.6000000000, -1.5000000000], [0.0000000000, 0.0000000000, 0.0000000000, 1.0000000000]]) {
			cylinder(h = 2.5, r = 0.2500000000);
		}
		multmatrix(m = [[1.0000000000, 0.0000000000, -0.2922728195, 0.8801422359], [0.0000000000, 0.6000000000, 0.7446989989, -3.8561550917], [0.0000000000, -0.7446989989, 0.6000000000, -3.0000000000], [0.0000000000, 0.0000000000, 0.0000000000, 1.0000000000]]) {
			cylinder(h = 2.5, r = 0.2500000000);
		}
		multmatrix(m = [[1.0000000000, 0.0000000000, 0.2922728195, 1.2469796037], [0.0000000000, -0.6000000000, -0.7446989989, -1.5636629649], [0.0000000000, 0.7446989989, -0.6000000000, -1.5000000000], [0.0000000000, 0.0000000000, 0.0000000000, 1.0000000000]]) {
			cylinder(h = 2.5, r = 0.2500000000);
		}
		multmatrix(m = [[1.0000000000, 0.0000000000, -0.4987918415, 1.9776616525], [0.0000000000, 0.6000000000, 0.6254651860, -3.4254104622], [0.0000000000, -0.6254651860, 0.6000000000, -3.0000000000], [0.0000000000, 0.0000000000, 0.0000000000, 1.0000000000]]) {
			cylinder(h = 2.5, r = 0.2500000000);
		}
		multmatrix(m = [[1.0000000000, 0.0000000000, 0.4987918415, 1.6524775486], [0.0000000000, -0.6000000000, -0.6254651860, -1.1266401161], [0.0000000000, 0.6254651860, -0.6000000000, -1.5000000000], [0.0000000000, 0.0000000000, 0.0000000000, 1.0000000000]]) {
			cylinder(h = 2.5, r = 0.2500000000);
		}
		multmatrix(m = [[0.0000000000, -0.6000000000, -0.6609910195, 2.8994571523], [1.0000000000, 0.0000000000, 0.4506560465, -2.6903030811], [0.0000000000, -0.6609910195, 0.6000000000, -3.0000000000], [0.0000000000, 0.0000000000, 0.0000000000, 1.0000000000]]) {
			cylinder(h = 2.5, r = 0.2500000000);
		}
		multmatrix(m = [[0.0000000000, 0.6000000000, 0.6609910195, 1.9111456116], [1.0000000000, -0.0000000000, -0.4506560465, -0.5895103488], [0.0000000000, 0.6609910195, -0.6000000000, -1.5000000000], [0.0000000000, 0.0000000000, 0.0000000000, 1.0000000000]]) {
			cylinder(h = 2.5, r = 0.2500000000);
		}
		multmatrix(m = [[0.0000000000, -0.6000000000, -0.7644582446, 3.5636231602], [1.0000000000, 0.0000000000, 0.2358041395, -1.7161504649], [0.0000000000, -0.7644582446, 0.6000000000, -3.0000000000], [0.0000000000, 0.0000000000, 0.0000000000, 1.0000000000]]) {
			cylinder(h = 2.5000000000000004, r = 0.2500000000);
		}
		multmatrix(m = [[0.0000000000, 0.6000000000, 0.7644582446, 2.0000000000], [1.0000000000, -0.0000000000, -0.2358041395, 0.0000000000], [0.0000000000, 0.7644582446, -0.6000000000, -1.5000000000], [0.0000000000, 0.0000000000, 0.0000000000, 1.0000000000]]) {
			cylinder(h = 2.5000000000000004, r = 0.2500000000);
		}
		multmatrix(m = [[0.0000000000, -0.6000000000, -0.8000000000, 3.9111456116], [1.0000000000, 0.0000000000, 0.0000000000, -0.5895103488], [0.0000000000, -0.8000000000, 0.6000000000, -3.0000000000], [0.0000000000, 0.0000000000, 0.0000000000, 1.0000000000]]) {
			cylinder(h = 2.5, r = 0.2500000000);
		}
		multmatrix(m = [[0.0000000000, -0.9555728058, 0.2947551744, 3.5636231602], [0.0000000000, -0.2947551744, -0.9555728058, 1.7161504649], [1.0000000000, 0.0000000000, 0.0000000000, -3.0000000000], [0.0000000000, 0.0000000000, 0.0000000000, 1.0000000000]]) {
			cylinder(h = 1.1790206976436168, r = 0.2500000000);
		}
		multmatrix(m = [[0.0000000000, -0.8262387743, 0.5633200581, 2.8994571523], [0.0000000000, -0.5633200581, -0.8262387743, 2.6903030811], [1.0000000000, 0.0000000000, 0.0000000000, -3.0000000000], [0.0000000000, 0.0000000000, 0.0000000000, 1.0000000000]]) {
			cylinder(h = 1.1790206976436168, r = 0.2500000000);
		}
		multmatrix(m = [[0.0000000000, -0.6234898019, 0.7818314825, 1.9776616525], [0.0000000000, -0.7818314825, -0.6234898019, 3.4254104622], [1.0000000000, 0.0000000000, 0.0000000000, -3.0000000000], [0.0000000000, 0.0000000000, 0.0000000000, 1.0000000000]]) {
			cylinder(h = 1.1790206976436168, r = 0.2500000000);
		}
		multmatrix(m = [[0.0000000000, -0.3653410244, 0.9308737486, 0.8801422359], [0.0000000000, -0.9308737486, -0.3653410244, 3.8561550917], [1.0000000000, 0.0000000000, 0.0000000000, -3.0000000000], [0.0000000000, 0.0000000000, 0.0000000000, 1.0000000000]]) {
			cylinder(h = 1.1790206976436173, r = 0.2500000000);
		}
		multmatrix(m = [[0.0000000000, -0.0747300936, 0.9972037972, -0.2955816807], [0.0000000000, -0.9972037972, -0.0747300936, 3.9442634187], [1.0000000000, 0.0000000000, 0.0000000000, -3.0000000000], [0.0000000000, 0.0000000000, 0.0000000000, 1.0000000000]]) {
			cylinder(h = 1.1790206976436168, r = 0.2500000000);
		}
		multmatrix(m = [[0.0000000000, 0.2225209340, 0.9749279122, -1.4450418679], [0.0000000000, -0.9749279122, 0.2225209340, 3.6819066319], [1.0000000000, 0.0000000000, 0.0000000000, -3.0000000000], [0.0000000000, 0.0000000000, 0.0000000000, 1.0000000000]]) {
			cylinder(h = 1.1790206976436168, r = 0.2500000000);
		}
		multmatrix(m = [[0.0000000000, 0.5000000000, 0.8660254038, -2.4661037437], [0.0000000000, -0.8660254038, 0.5000000000, 3.0923962831], [1.0000000000, 0.0000000000, 0.0000000000, -3.0000000000], [0.0000000000, 0.0000000000, 0.0000000000, 1.0000000000]]) {
			cylinder(h = 1.179020697643617, r = 0.2500000000);
		}
		multmatrix(m = [[0.0000000000, 0.7330518718, 0.6801727378, -3.2680414795], [0.0000000000, -0.6801727378, 0.7330518718, 2.2281129538], [1.0000000000, 0.0000000000, 0.0000000000, -3.0000000000], [0.0000000000, 0.0000000000, 0.0000000000, 1.0000000000]]) {
			cylinder(h = 1.1790206976436164, r = 0.2500000000);
		}
		multmatrix(m = [[0.0000000000, 0.9009688679, 0.4338837391, -3.7795993883], [0.0000000000, -0.4338837391, 0.9009688679, 1.1658520106], [1.0000000000, 0.0000000000, 0.0000000000, -3.0000000000], [0.0000000000, 0.0000000000, 0.0000000000, 1.0000000000]]) {
			cylinder(h = 1.1790206976436168, r = 0.2500000000);
		}
		multmatrix(m = [[0.0000000000, 0.9888308262, 0.1490422662, -3.9553233049], [0.0000000000, -0.1490422662, 0.9888308262, -0.0000000000], [1.0000000000, 0.0000000000, 0.0000000000, -3.0000000000], [0.0000000000, 0.0000000000, 0.0000000000, 1.0000000000]]) {
			cylinder(h = 1.1790206976436173, r = 0.2500000000);
		}
		multmatrix(m = [[0.0000000000, 0.9888308262, -0.1490422662, -3.7795993883], [0.0000000000, 0.1490422662, 0.9888308262, -1.1658520106], [1.0000000000, -0.0000000000, 0.0000000000, -3.0000000000], [0.0000000000, 0.0000000000, 0.0000000000, 1.0000000000]]) {
			cylinder(h = 1.1790206976436164, r = 0.2500000000);
		}
		multmatrix(m = [[0.0000000000, 0.9009688679, -0.4338837391, -3.2680414795], [0.0000000000, 0.4338837391, 0.9009688679, -2.2281129538], [1.0000000000, -0.0000000000, 0.0000000000, -3.0000000000], [0.0000000000, 0.0000000000, 0.0000000000, 1.0000000000]]) {
			cylinder(h = 1.179020697643617, r = 0.2500000000);
		}
		multmatrix(m = [[0.0000000000, 0.7330518718, -0.6801727378, -2.4661037437], [0.0000000000, 0.6801727378, 0.7330518718, -3.0923962831], [1.0000000000, -0.0000000000, 0.0000000000, -3.0000000000], [0.0000000000, 0.0000000000, 0.0000000000, 1.0000000000]]) {
			cylinder(h = 1.1790206976436177, r = 0.2500000000);
		}
		multmatrix(m = [[0.0000000000, 0.5000000000, -0.8660254038, -1.4450418679], [0.0000000000, 0.8660254038, 0.5000000000, -3.6819066319], [1.0000000000, -0.0000000000, 0.0000000000, -3.0000000000], [0.0000000000, 0.0000000000, 0.0000000000, 1.0000000000]]) {
			cylinder(h = 1.179020697643616, r = 0.2500000000);
		}
		multmatrix(m = [[0.0000000000, 0.2225209340, -0.9749279122, -0.2955816807], [0.0000000000, 0.9749279122, 0.2225209340, -3.9442634187], [1.0000000000, -0.0000000000, 0.0000000000, -3.0000000000], [0.0000000000, 0.0000000000, 0.0000000000, 1.0000000000]]) {
			cylinder(h = 1.1790206976436164, r = 0.2500000000);
		}
		multmatrix(m = [[0.0000000000, -0.0747300936, -0.9972037972, 0.8801422359], [0.0000000000, 0.9972037972, -0.0747300936, -3.8561550917], [1.0000000000, 0.0000000000, 0.0000000000, -3.0000000000], [0.0000000000, 0.0000000000, 0.0000000000, 1.0000000000]]) {
			cylinder(h = 1.179020697643618, r = 0.2500000000);
		}
		multmatrix(m = [[0.0000000000, -0.3653410244, -0.9308737486, 1.9776616525], [0.0000000000, 0.9308737486, -0.3653410244, -3.4254104622], [1.0000000000, 0.0000000000, 0.0000000000, -3.0000000000], [0.0000000000, 0.0000000000, 0.0000000000, 1.0000000000]]) {
			cylinder(h = 1.1790206976436164, r = 0.2500000000);
		}
		multmatrix(m = [[0.0000000000, -0.6234898019, -0.7818314825, 2.8994571523], [0.0000000000, 0.7818314825, -0.6234898019, -2.6903030811], [1.0000000000, 0.0000000000, 0.0000000000, -3.0000000000], [0.0000000000, 0.0000000000, 0.0000000000, 1.0000000000]]) {
			cylinder(h = 1.1790206976436162, r = 0.2500000000);
		}
		multmatrix(m = [[0.0000000000, -0.8262387743, -0.5633200581, 3.5636231602], [0.0000000000, 0.5633200581, -0.8262387743, -1.7161504649], [1.0000000000, 0.0000000000, 0.0000000000, -3.0000000000], [0.0000000000, 0.0000000000, 0.0000000000, 1.0000000000]]) {
			cylinder(h = 1.1790206976436182, r = 0.2500000000);
		}
		multmatrix(m = [[0.0000000000, -0.9555728058, -0.2947551744, 3.9111456116], [0.0000000000, 0.2947551744, -0.9555728058, -0.5895103488], [1.0000000000, 0.0000000000, 0.0000000000, -3.0000000000], [0.0000000000, 0.0000000000, 0.0000000000, 1.0000000000]]) {
			cylinder(h = 1.1790206976436168, r = 0.2500000000);
		}
		multmatrix(m = [[0.0000000000, -1.0000000000, 0.0000000000, 3.9111456116], [0.0000000000, -0.0000000000, -1.0000000000, 0.5895103488], [1.0000000000, 0.0000000000, 0.0000000000, -3.0000000000], [0.0000000000, 0.0000000000, 0.0000000000, 1.0000000000]]) {
			cylinder(h = 1.1790206976436162, r = 0.2500000000);
		}
		multmatrix(m = [[0.0000000000, 0.6000000000, 0.8000000000, 3.5636231602], [1.0000000000, -0.0000000000, 0.0000000000, 1.7161504649], [0.0000000000, 0.8000000000, -0.6000000000, -3.0000000000], [0.0000000000, 0.0000000000, 0.0000000000, 1.0000000000]]) {
			cylinder(h = 2.4999999999999996, r = 0.2500000000);
		}
		multmatrix(m = [[0.0000000000, -0.6000000000, -0.6609910195, 5.5636231602], [1.0000000000, 0.0000000000, -0.4506560465, 1.7161504649], [0.0000000000, -0.6609910195, 0.6000000000, -4.5000000000], [0.0000000000, 0.0000000000, 0.0000000000, 1.0000000000]]) {
			cylinder(h = 2.4999999999999996, r = 0.2500000000);
		}
		multmatrix(m = [[0.0000000000, 0.6000000000, 0.7644582446, 2.8994571523], [1.0000000000, -0.0000000000, 0.2358041395, 2.6903030811], [0.0000000000, 0.7644582446, -0.6000000000, -3.0000000000], [0.0000000000, 0.0000000000, 0.0000000000, 1.0000000000]]) {
			cylinder(h = 2.5, r = 0.2500000000);
		}
		multmatrix(m = [[1.0000000000, -0.0000000000, -0.4987918415, 4.8106027639], [0.0000000000, 0.6000000000, -0.6254651860, 3.2798134299], [0.0000000000, 0.6254651860, 0.6000000000, -4.5000000000], [0.0000000000, 0.0000000000, 0.0000000000, 1.0000000000]]) {
			cylinder(h = 2.5, r = 0.2500000000);
		}
		multmatrix(m = [[0.0000000000, 0.6000000000, 0.6609910195, 1.9776616525], [1.0000000000, -0.0000000000, 0.4506560465, 3.4254104622], [0.0000000000, 0.6609910195, -0.6000000000, -3.0000000000], [0.0000000000, 0.0000000000, 0.0000000000, 1.0000000000]]) {
			cylinder(h = 2.5000000000000004, r = 0.2500000000);
		}
		multmatrix(m = [[1.0000000000, -0.0000000000, -0.2922728195, 3.6301392011], [0.0000000000, 0.6000000000, -0.7446989989, 4.5520505784], [0.0000000000, 0.7446989989, 0.6000000000, -4.5000000000], [0.0000000000, 0.0000000000, 0.0000000000, 1.0000000000]]) {
			cylinder(h = 2.5000000000000004, r = 0.2500000000);
		}
		multmatrix(m = [[1.0000000000, 0.0000000000, 0.4987918415, 0.8801422359], [0.0000000000, -0.6000000000, 0.6254651860, 3.8561550917], [0.0000000000, -0.6254651860, -0.6000000000, -3.0000000000], [0.0000000000, 0.0000000000, 0.0000000000, 1.0000000000]]) {
			cylinder(h = 2.5, r = 0.2500000000);
		}
		multmatrix(m = [[1.0000000000, -0.0000000000, -0.0597840749, 2.1271218396], [0.0000000000, 0.6000000000, -0.7977630377, 5.4198180566], [0.0000000000, 0.7977630377, 0.6000000000, -4.5000000000], [0.0000000000, 0.0000000000, 0.0000000000, 1.0000000000]]) {
			cylinder(h = 2.5000000000000004, r = 0.2500000000);
		}
		multmatrix(m = [[1.0000000000, 0.0000000000, 0.2922728195, -0.2955816807], [0.0000000000, -0.6000000000, 0.7446989989, 3.9442634187], [0.0000000000, -0.7446989989, -0.6000000000, -3.0000000000], [0.0000000000, 0.0000000000, 0.0000000000, 1.0000000000]]) {
			cylinder(h = 2.5, r = 0.2500000000);
		}
		multmatrix(m = [[1.0000000000, -0.0000000000, 0.1780167472, 0.4351003680], [0.0000000000, 0.6000000000, -0.7799423297, 5.8060109160], [0.0000000000, 0.7799423297, 0.6000000000, -4.5000000000], [0.0000000000, 0.0000000000, 0.0000000000, 1.0000000000]]) {
			cylinder(h = 2.5, r = 0.2500000000);
		}
		multmatrix(m = [[1.0000000000, 0.0000000000, 0.0597840749, -1.4450418679], [0.0000000000, -0.6000000000, 0.7977630377, 3.6819066319], [0.0000000000, -0.7977630377, -0.6000000000, -3.0000000000], [0.0000000000, 0.0000000000, 0.0000000000, 1.0000000000]]) {
			cylinder(h = 2.4999999999999996, r = 0.2500000000);
		}
		multmatrix(m = [[1.0000000000, -0.0000000000, 0.4000000000, -1.2955816807], [0.0000000000, 0.6000000000, -0.6928203230, 5.6763142263], [0.0000000000, 0.6928203230, 0.6000000000, -4.5000000000], [0.0000000000, 0.0000000000, 0.0000000000, 1.0000000000]]) {
			cylinder(h = 2.5, r = 0.2500000000);
		}
		multmatrix(m = [[1.0000000000, 0.0000000000, -0.1780167472, -2.4661037437], [0.0000000000, -0.6000000000, 0.7799423297, 3.0923962831], [0.0000000000, -0.7799423297, -0.6000000000, -3.0000000000], [0.0000000000, 0.0000000000, 0.0000000000, 1.0000000000]]) {
			cylinder(h = 2.5, r = 0.2500000000);
		}
		multmatrix(m = [[0.0000000000, -0.6000000000, 0.5864414975, -2.9111456116], [1.0000000000, 0.0000000000, -0.5441381902, 5.0422521075], [0.0000000000, 0.5864414975, 0.6000000000, -4.5000000000], [0.0000000000, 0.0000000000, 0.0000000000, 1.0000000000]]) {
			cylinder(h = 2.5, r = 0.2500000000);
		}
		multmatrix(m = [[1.0000000000, 0.0000000000, -0.4000000000, -3.2680414795], [0.0000000000, -0.6000000000, 0.6928203230, 2.2281129538], [0.0000000000, -0.6928203230, -0.6000000000, -3.0000000000], [0.0000000000, 0.0000000000, 0.0000000000, 1.0000000000]]) {
			cylinder(h = 2.5, r = 0.2500000000);
		}
		multmatrix(m = [[0.0000000000, -0.6000000000, 0.7207750943, -4.2680414795], [1.0000000000, 0.0000000000, -0.3471069913, 3.9601637613], [0.0000000000, 0.7207750943, 0.6000000000, -4.5000000000], [0.0000000000, 0.0000000000, 0.0000000000, 1.0000000000]]) {
			cylinder(h = 2.4999999999999996, r = 0.2500000000);
		}
		multmatrix(m = [[0.0000000000, 0.6000000000, -0.5864414975, -3.7795993883], [1.0000000000, 0.0000000000, 0.5441381902, 1.1658520106], [0.0000000000, -0.5864414975, -0.6000000000, -3.0000000000], [0.0000000000, 0.0000000000, 0.0000000000, 1.0000000000]]) {
			cylinder(h = 2.5, r = 0.2500000000);
		}
		multmatrix(m = [[0.0000000000, -0.6000000000, 0.7910646610, -5.2457031319], [1.0000000000, 0.0000000000, -0.1192338129, 2.5261974861], [0.0000000000, 0.7910646610, 0.6000000000, -4.5000000000], [0.0000000000, 0.0000000000, 0.0000000000, 1.0000000000]]) {
			cylinder(h = 2.4999999999999996, r = 0.2500000000);
		}
		multmatrix(m = [[0.0000000000, 0.6000000000, -0.7207750943, -3.9553233049], [1.0000000000, 0.0000000000, 0.3471069913, -0.0000000000], [0.0000000000, -0.7207750943, -0.6000000000, -3.0000000000], [0.0000000000, 0.0000000000, 0.0000000000, 1.0000000000]]) {
			cylinder(h = 2.4999999999999996, r = 0.2500000000);
		}
		multmatrix(m = [[0.0000000000, -0.6000000000, 0.7910646610, -5.7572610407], [1.0000000000, 0.0000000000, 0.1192338129, 0.8677674782], [0.0000000000, 0.7910646610, 0.6000000000, -4.5000000000], [0.0000000000, 0.0000000000, 0.0000000000, 1.0000000000]]) {
			cylinder(h = 2.4999999999999996, r = 0.2500000000);
		}
		multmatrix(m = [[0.0000000000, 0.6000000000, -0.7910646610, -3.7795993883], [1.0000000000, 0.0000000000, 0.1192338129, -1.1658520106], [0.0000000000, -0.7910646610, -0.6000000000, -3.0000000000], [0.0000000000, 0.0000000000, 0.0000000000, 1.0000000000]]) {
			cylinder(h = 2.5, r = 0.2500000000);
		}
		multmatrix(m = [[0.0000000000, -0.6000000000, 0.7207750943, -5.7572610407], [1.0000000000, 0.0000000000, 0.3471069913, -0.8677674782], [0.0000000000, 0.7207750943, 0.6000000000, -4.5000000000], [0.0000000000, 0.0000000000, 0.0000000000, 1.0000000000]]) {
			cylinder(h = 2.5, r = 0.2500000000);
		}
		multmatrix(m = [[0.0000000000, 0.6000000000, -0.7910646610, -3.2680414795], [1.0000000000, 0.0000000000, -0.1192338129, -2.2281129538], [0.0000000000, -0.7910646610, -0.6000000000, -3.0000000000], [0.0000000000, 0.0000000000, 0.0000000000, 1.0000000000]]) {
			cylinder(h = 2.5, r = 0.2500000000);
		}
		multmatrix(m = [[0.0000000000, -0.6000000000, 0.5864414975, -5.2457031319], [1.0000000000, 0.0000000000, 0.5441381902, -2.5261974861], [0.0000000000, 0.5864414975, 0.6000000000, -4.5000000000], [0.0000000000, 0.0000000000, 0.0000000000, 1.0000000000]]) {
			cylinder(h = 2.5, r = 0.2500000000);
		}
